827
-200
-190
-180
-170
-160
-150
-140
-130
-100
-90
-80
-70
-60
-50
-40
-30
-20
-10
30
40
50
60
70
80
90
100
130
140
150
160
170
180
190
200
-201
-191
-181
-171
-161
-151
-141
-131
-121
-101
-91
-81
-71
-61
-51
-41
-31
-21
-11
1
21
31
41
51
61
71
81
91
101
121
131
141
151
161
171
181
191
201
-202
-192
-182
-172
-162
-152
-142
-132
-122
-102
-92
-82
-72
-62
-52
-42
-32
-22
-12
2
22
32
42
52
62
72
82
92
102
122
132
142
152
162
172
182
192
202
-203
-193
-183
-173
-163
-153
-143
-133
-123
-103
-93
-83
-73
-63
-53
-43
-33
-23
-13
3
23
33
43
53
63
73
83
93
103
123
133
143
153
163
173
183
193
203
-204
-194
-184
-174
-164
-154
-144
-134
-124
-104
-94
-84
-74
-64
-54
-44
-34
-24
-14
4
24
34
44
54
64
74
84
94
104
124
134
144
154
164
174
184
194
204
-205
-195
-185
-175
-165
-155
-145
-135
-125
-105
-95
-85
-75
-65
-55
-45
-35
-25
-15
5
25
35
45
55
65
75
85
95
105
125
135
145
155
165
175
185
195
205
-206
-196
-186
-176
-166
-156
-146
-136
-126
-106
-96
-86
-76
-66
-56
-46
-36
-26
-16
6
26
36
46
56
66
76
86
96
106
126
136
146
156
166
176
186
196
206
-207
-197
-187
-177
-167
-157
-147
-137
-127
-107
-97
-87
-77
-67
-57
-47
-37
-27
-17
7
27
37
47
57
67
77
87
97
107
127
137
147
157
167
177
187
197
207
-208
-198
-188
-178
-168
-158
-148
-138
-128
-108
-98
-88
-78
-68
-58
-48
-38
-28
-18
8
28
38
48
58
68
78
88
98
108
128
138
148
158
168
178
188
198
208
-209
-199
-189
-179
-169
-159
-149
-139
-129
-109
-99
-89
-79
-69
-59
-49
-39
-29
-19
9
29
39
49
59
69
79
89
99
109
129
139
149
159
169
179
189
199
209
-2010
-1910
-1810
-1710
-1610
-1510
-1410
-1310
-1210
-1110
-1010
-910
-810
-710
-610
-510
-410
-310
-210
-110
10
110
210
310
410
510
610
710
810
910
1010
1110
1210
1310
1410
1510
1610
1710
1810
1910
2010
-2011
-1911
-1811
-1711
-1611
-1511
-1411
-1311
-1211
-1111
-1011
-911
-811
-711
-611
-511
-411
-311
-211
-111
11
111
211
311
411
511
611
711
811
911
1011
1111
1211
1311
1411
1511
1611
1711
1811
1911
2011
-2012
-1912
-1812
-1712
-1612
-1512
-1412
-1312
-1212
-1112
-1012
-912
-812
-712
-612
-512
-412
-312
-212
-112
12
112
212
312
412
512
612
712
812
912
1012
1112
1212
1312
1412
1512
1612
1712
1812
1912
2012
-2013
-1913
-1813
-1713
-1613
-1513
-1413
-1313
-1213
-1113
-1013
-913
-813
-713
-613
-513
-413
-313
-213
-113
13
113
213
313
413
513
613
713
813
913
1013
1113
1213
1313
1413
1513
1613
1713
1813
1913
2013
-2014
-1914
-1814
-1714
-1614
-1514
-1414
-1314
-1214
-1114
-1014
-914
-814
-714
-614
-514
-414
-314
-214
-114
14
114
214
314
414
514
614
714
814
914
1014
1114
1214
1314
1414
1514
1614
1714
1814
1914
2014
-2015
-1915
-1815
-1715
-1615
-1515
-1415
-1315
-1215
-1115
-1015
-915
-815
-715
-615
-515
-415
-315
-215
-115
15
115
215
315
415
515
615
715
815
915
1015
1115
1215
1315
1415
1515
1615
1715
1815
1915
2015
-2016
-1916
-1816
-1716
-1616
-1516
-1416
-1316
-1216
-1116
-1016
-916
-816
-716
-616
-516
-416
-316
-216
-116
16
116
216
316
416
516
616
716
816
916
1016
1116
1216
1316
1416
1516
1616
1716
1816
1916
2016
-2017
-1917
-1817
-1717
-1617
-1517
-1417
-1317
-1217
-1117
-1017
-917
-817
-717
-617
-517
-417
-317
-217
-117
17
117
217
317
417
517
617
717
817
917
1017
1117
1217
1317
1417
1517
1617
1717
1817
1917
2017
-2018
-1918
-1818
-1718
-1618
-1518
-1418
-1318
-1218
-1118
-1018
-918
-818
-718
-618
-518
-418
-318
-218
-118
18
118
218
318
418
518
618
718
818
918
1018
1118
1218
1318
1418
1518
1618
1718
1818
1918
2018
-2019
-1919
-1819
-1719
-1619
-1519
-1419
-1319
-1219
-1119
-1019
-919
-819
-719
-619
-519
-419
-319
-219
-119
19
119
219
319
419
519
619
719
819
919
1019
1119
1219
1319
1419
1519
1619
1719
1819
1919
2019
-2020
-1920
-1820
-1720
-1620
-1520
-1420
-1320
-1220
-1120
-1020
-920
-820
-720
-620
-520
-420
-320
-220
-120
20
120
220
320
420
520
620
720
820
920
1020
1120
1220
1320
1420
1520
1620
1720
1820
1920
2020