733
177
218
-419
-101
-135
84
139
-180
55
-1512
-125
-513
-185
-2017
-99
208
21
-179
22
-71
-166
-138
-171
46
316
30
54
-1412
1914
1813
-174
919
-620
89
-44
1716
-220
513
-618
-159
154
-414
610
-1417
-97
-816
1611
-202
77
-30
-1716
-2014
-1313
-1116
-819
-121
1620
-80
-162
1110
163
164
62
216
61
-1911
1919
-190
-182
-1712
-511
-518
167
620
-814
-412
41
1713
39
-1312
-17
-106
-22
910
-1314
198
715
616
1120
520
44
318
125
420
-714
-211
185
-1918
182
-1714
193
-416
-915
-1510
-177
-1015
1420
134
96
-2016
190
1215
1618
-186
-1010
-107
820
311
913
-1016
1715
410
-21
7
160
-219
-1919
11
-1017
-512
1311
-1114
1819
1413
-151
1719
1017
-213
1912
-2011
51
-141
91
-42
-317
1315
-720
1020
138
2015
161
118
32
-24
-29
-619
1417
-1211
-718
-1117
1418
-183
412
-53
319
-1517
151
123
-172
-1420
912
-150
-818
-1913
416
68
1512
-50
-1212
-1616
74
175
816
1612
-1718
-51
142
-1620
-914
121
1116
137
2019
102
-145
-18
-713
-128
85
5
-1020
815
128
714
-129
-1214
1514
1718
811
196
53
-86
-194
57
186
31
1019
1310
1415
611
713
-1320
1615
-616
2013
-417
200
114
189
79
819
66
-515
-1910
-217
-109
-75
166
93
-311
-10
-176
-1820
70
-49
206
-163
78
-64
132
-2015
-514
27
-316
207
-206
-1719
312
1811
113
-11
-719
-61
126
-612
-181
42
150
-415
-34
82
174
105
1818
-810
-195
-2013
-910
-519
-184
-58
144
47
40
-314
140
-96
817
156
-156
-711
220
153
-45
-43
-1111
1419
158
1816
34
38
-47
-88
219
170
-1519
-218
1213
1114
148
-1916
211
-147
1814
-60
1416
-715
1910
2010
176
615
131
1212
-1413
-411
-510
-1318
915
-187
511
515
916
-157
-155
1519
-113
168
-82
103
411
1113
-918
-1610
-413
614
136
149
-168
-919
1513
-710
98
320
-57
-812
-35
-613
-1110
1810
1518
415
-615
-1218
199
1616
-27
-67
1911
6
16
-1617
-1814
106
-917
-92
-72
-1418
145
-1217
-1817
109
-318
-813
-1516
-56
-1216
-124
135
-2010
1220
1
-66
-153
719
419
178
718
418
72
914
911
-127
1619
87
124
1318
197
-912
59
1320
-312
-1818
-103
1219
25
9
172
67
-189
-815
2011
-54
165
-137
1118
-1120
-83
171
-1315
-1416
1316
94
516
162
157
-1513
8
10
-817
-1713
2020
-520
28
-116
-610
315
-68
-192
179
-1614
143
710
514
1013
-1715
-152
48
-12
1210
-115
918
192
183
73
92
1917
1613
1517
-1511
-1310
1913
15
146
64
-216
-178
-170
188
1214
-1920
-1815
1016
-161
-146
-111
-1711
1111
-112
117
-119
920
512
-1210
414
814
-41
17
617
-712
2016
-87
83
1317
19
-110
119
1015
-77
1314
-2020
-63
-911
-197
155
2014
1520
711
-139
-59
191
-1311
-1615
127
-1810
-165
43
-31
-32
2017
-1219
310
-93
1614
-122
1312
-79
112
1712
1211
-148
-1215
2018
-1316
108
510
20
104
-38
-154
-208
-164
-175
1011
1012
-1118
187
-160
63
-114
-76
712
-130
110
-716
-144
613
201
-123
58
-14
213
4
519
619
618
1414
-204
1710
-1917
-205
-614
-143
-105
1411
217
-310
717
141
-1912
111
1319
-1011
-140
36
-52
1218
169
-69
-62
52
180
517
133
-1319
3
-158
-811
818
917
1010
-131
-33
116
-26
120
-207
413
-95
-117
181
-48
-1415
37
129
1516
-1619
-611
-913
26
-1213
-1816
-1819
49
-313
-142
69
88
35
12
75
-149
-1119
417
-94
60
212
-214
81
314
1412
1117
-1717
-617
-89
97
13
-23
-1115
-132
65
-167
-1520
-1514
1610
-102
202
71
184
1820
1018
1920
-420
1511
-173
-100
-1720
-104
-1914
-1813
-81
-1419
203
-193
-315
-410
-120
-319
-191
99
-517
147
813
-37
-1518
-320
-1618
107
-1220
195
1217
152
-118
518
-136
-91
-1018
716
-2019
-13
-516
-84
45
-36
-1113
2
-28
14
-98
101
18
1510
-1014
215
159
115
210
24
-215
1410
-1515
-1414
1115
86